latitude,longitude,elevation,utc_offset_seconds,timezone,timezone_abbreviation
21.968365,78.981476,696.0,0,GMT,GMT

date,max_temperature,precipitation,max_windspeed,max_wind_gusts
2022-01-01T00:00,10.8,0.00,6.9,12.6
2022-01-01T01:00,10.7,0.00,6.9,12.2
2022-01-01T02:00,11.3,0.00,8.3,13.3
2022-01-01T03:00,14.1,0.00,7.5,15.1
2022-01-01T04:00,16.6,0.00,6.6,16.9
2022-01-01T05:00,18.8,0.00,7.3,19.4
2022-01-01T06:00,20.3,0.00,5.8,19.4
2022-01-01T07:00,21.4,0.00,4.0,17.3
2022-01-01T08:00,22.2,0.10,3.1,15.1
2022-01-01T09:00,22.4,0.00,3.4,13.3
2022-01-01T10:00,22.3,0.00,4.6,11.5
2022-01-01T11:00,21.7,0.00,2.3,11.2
2022-01-01T12:00,21.3,0.00,2.5,4.3
2022-01-01T13:00,19.8,0.00,2.2,3.6
2022-01-01T14:00,17.7,0.00,7.2,11.5
2022-01-01T15:00,16.8,0.00,8.2,14.8
