latitude,longitude,elevation,utc_offset_seconds,timezone,timezone_abbreviation
21.968365,78.981476,696.0,0,GMT,GMT

time,temperature_2m (°C),precipitation (mm),wind_speed_10m (km/h),wind_gusts_10m (km/h)
2022-01-01T00:00,10.8,0.00,6.9,12.6
2022-01-01T01:00,10.7,0.00,6.9,12.2
2022-01-01T02:00,11.3,0.00,8.3,13.3
2022-01-01T03:00,14.1,0.00,7.5,15.1
2022-01-01T04:00,16.6,0.00,6.6,16.9
2022-01-01T05:00,18.8,0.00,7.3,19.4
2022-01-01T06:00,20.3,0.00,5.8,19.4
2022-01-01T07:00,21.4,0.00,4.0,17.3
2022-01-01T08:00,22.2,0.10,3.1,15.1
2022-01-01T09:00,22.4,0.00,3.4,13.3
2022-01-01T10:00,22.3,0.00,4.6,11.5
2022-01-01T11:00,21.7,0.00,2.3,11.2
2022-01-01T12:00,21.3,0.00,2.5,4.3
2022-01-01T13:00,19.8,0.00,2.2,3.6
2022-01-01T14:00,17.7,0.00,7.2,11.5
2022-01-01T15:00,16.8,0.00,8.2,14.8
2022-01-01T16:00,15.4,0.00,8.2,14.4
2022-01-01T17:00,14.8,0.00,7.9,13.7
2022-01-01T18:00,14.1,0.00,7.9,14.0
2022-01-01T19:00,13.6,0.00,8.2,14.0
2022-01-01T20:00,13.6,0.00,8.9,15.5
2022-01-01T21:00,13.3,0.00,8.6,15.5
2022-01-01T22:00,12.7,0.00,8.0,15.1
2022-01-01T23:00,12.3,0.00,8.3,14.0
2022-01-02T00:00,11.9,0.00,7.9,14.0
2022-01-02T01:00,11.9,0.00,6.5,13.3
2022-01-02T02:00,12.4,0.00,7.2,11.5
2022-01-02T03:00,14.8,0.00,6.3,14.4
2022-01-02T04:00,17.3,0.00,5.7,15.8
2022-01-02T05:00,19.3,0.00,4.9,16.6
2022-01-02T06:00,20.8,0.00,0.8,15.8
2022-01-02T07:00,21.8,0.00,5.4,16.2
2022-01-02T08:00,22.4,0.00,8.4,19.8
2022-01-02T09:00,22.5,0.00,9.1,20.5
2022-01-02T10:00,22.0,0.00,9.9,20.9
2022-01-02T11:00,21.1,0.00,6.2,20.5
2022-01-02T12:00,19.2,0.00,8.7,11.2
2022-01-02T13:00,16.8,0.00,6.9,14.4
2022-01-02T14:00,16.7,0.00,11.7,18.7
2022-01-02T15:00,15.7,0.00,10.6,20.9
2022-01-02T16:00,14.6,0.00,7.7,18.0
2022-01-02T17:00,13.9,0.00,6.5,12.6
2022-01-02T18:00,13.6,0.00,7.6,12.6
2022-01-02T19:00,13.1,0.00,8.4,14.0
2022-01-02T20:00,12.6,0.00,8.6,15.1
2022-01-02T21:00,12.3,0.00,9.7,16.2
2022-01-02T22:00,12.1,0.00,11.2,19.1
2022-01-02T23:00,12.0,0.00,11.2,19.8
2022-01-03T00:00,11.4,0.00,8.5,19.1
2022-01-03T01:00,11.3,0.00,8.5,14.8
2022-01-03T02:00,11.6,0.00,9.5,15.8
2022-01-03T03:00,14.0,0.00,8.3,17.6
2022-01-03T04:00,16.5,0.00,6.8,17.6
2022-01-03T05:00,18.9,0.00,5.6,17.6
2022-01-03T06:00,20.6,0.00,2.6,16.9
2022-01-03T07:00,21.8,0.00,2.1,13.3
2022-01-03T08:00,22.7,0.00,3.6,14.0
2022-01-03T09:00,23.2,0.00,6.0,16.2
2022-01-03T10:00,23.2,0.00,6.3,16.2
2022-01-03T11:00,22.6,0.00,3.7,14.8
2022-01-03T12:00,21.7,0.00,2.5,6.8
2022-01-03T13:00,20.3,0.00,2.9,3.6
2022-01-03T14:00,17.2,0.00,8.2,12.6
2022-01-03T15:00,16.0,0.00,8.4,16.9
2022-01-03T16:00,14.5,0.00,7.7,14.4
2022-01-03T17:00,13.7,0.00,7.3,13.0
2022-01-03T18:00,13.3,0.00,6.8,12.2
2022-01-03T19:00,12.9,0.00,7.6,13.0
2022-01-03T20:00,12.6,0.00,7.6,13.7
2022-01-03T21:00,12.2,0.00,7.3,13.0
2022-01-03T22:00,11.9,0.00,7.2,12.6
2022-01-03T23:00,11.8,0.00,7.0,13.0
2022-01-04T00:00,11.2,0.00,6.0,12.2
2022-01-04T01:00,11.0,0.00,4.7,10.4
2022-01-04T02:00,11.6,0.00,5.3,9.7
2022-01-04T03:00,15.1,0.00,5.1,11.9
2022-01-04T04:00,18.6,0.00,2.9,12.2
2022-01-04T05:00,20.7,0.00,0.4,11.2
2022-01-04T06:00,22.4,0.00,1.5,11.5
2022-01-04T07:00,23.6,0.00,1.8,12.2
2022-01-04T08:00,24.3,0.00,0.5,12.2
2022-01-04T09:00,24.5,0.00,1.4,10.4
2022-01-04T10:00,24.5,0.00,2.4,10.1
2022-01-04T11:00,23.6,0.00,3.7,9.4
2022-01-04T12:00,20.4,0.00,7.2,9.4
2022-01-04T13:00,18.1,0.00,9.7,11.2
2022-01-04T14:00,19.8,0.00,4.2,12.2
2022-01-04T15:00,16.5,0.00,7.9,13.0
2022-01-04T16:00,14.6,0.00,7.6,13.7
2022-01-04T17:00,14.2,0.00,6.2,9.4
2022-01-04T18:00,13.7,0.00,6.8,10.1
2022-01-04T19:00,12.9,0.00,8.7,10.4
2022-01-04T20:00,12.6,0.00,5.8,10.1
2022-01-04T21:00,12.4,0.00,5.4,7.6
2022-01-04T22:00,11.9,0.00,5.8,7.2
2022-01-04T23:00,11.7,0.00,5.4,7.9
2022-01-05T00:00,11.6,0.00,4.2,7.6
2022-01-05T01:00,11.2,0.00,3.1,5.8
2022-01-05T02:00,12.7,0.00,2.3,5.4
2022-01-05T03:00,16.4,0.00,3.6,9.0
2022-01-05T04:00,19.5,0.00,4.3,12.6
2022-01-05T05:00,21.3,0.00,7.6,19.1
2022-01-05T06:00,22.5,0.00,8.3,20.9
2022-01-05T07:00,23.3,0.00,10.5,24.5
2022-01-05T08:00,23.8,0.00,10.7,24.8
2022-01-05T09:00,23.9,0.00,10.6,24.8
2022-01-05T10:00,23.7,0.00,10.4,24.1
2022-01-05T11:00,22.8,0.00,8.6,22.0
2022-01-05T12:00,20.6,0.00,6.6,16.6
2022-01-05T13:00,18.1,0.00,9.4,11.2
2022-01-05T14:00,17.8,0.00,7.3,11.9
2022-01-05T15:00,17.6,0.00,8.0,13.0
2022-01-05T16:00,16.9,0.00,7.6,13.0
2022-01-05T17:00,16.4,0.00,7.7,11.5
2022-01-05T18:00,16.5,0.00,7.2,11.5
2022-01-05T19:00,16.0,0.00,8.4,11.9
2022-01-05T20:00,16.2,0.00,6.5,9.7
2022-01-05T21:00,16.2,0.00,6.5,7.2
2022-01-05T22:00,13.6,0.00,11.3,12.2
2022-01-05T23:00,13.8,0.00,9.4,13.3
2022-01-06T00:00,14.4,0.00,7.4,11.9
2022-01-06T01:00,14.0,0.00,6.6,11.9
2022-01-06T02:00,14.5,0.00,5.3,11.2
2022-01-06T03:00,17.6,0.00,7.3,14.0
2022-01-06T04:00,20.0,0.00,9.1,20.2
2022-01-06T05:00,21.8,0.00,12.4,26.6
2022-01-06T06:00,23.0,0.00,14.1,30.6
2022-01-06T07:00,23.8,0.00,13.1,31.0
2022-01-06T08:00,24.3,0.00,11.8,28.8
2022-01-06T09:00,24.4,0.00,10.9,26.6
2022-01-06T10:00,24.2,0.00,11.4,24.5
2022-01-06T11:00,23.4,0.00,10.5,24.1
2022-01-06T12:00,21.1,0.00,5.5,19.8
2022-01-06T13:00,18.8,0.00,8.3,10.4
2022-01-06T14:00,18.0,0.00,9.8,11.2
2022-01-06T15:00,17.8,0.00,10.1,11.5
2022-01-06T16:00,17.4,0.00,8.5,11.5
2022-01-06T17:00,16.7,0.00,8.4,11.5
2022-01-06T18:00,16.3,0.10,11.4,18.7
2022-01-06T19:00,16.1,0.00,11.6,20.5
2022-01-06T20:00,15.4,0.00,9.9,20.2
2022-01-06T21:00,14.9,0.00,9.2,16.9
2022-01-06T22:00,14.6,0.00,7.9,15.8
2022-01-06T23:00,14.3,0.00,7.0,13.3
2022-01-07T00:00,14.3,0.00,7.1,11.9
2022-01-07T01:00,14.1,0.00,6.4,12.2
2022-01-07T02:00,14.4,0.00,6.4,10.4
2022-01-07T03:00,17.0,0.00,5.6,13.0
2022-01-07T04:00,19.7,0.00,7.1,17.3
2022-01-07T05:00,22.0,0.00,12.4,26.3
2022-01-07T06:00,23.4,0.00,16.9,34.9
2022-01-07T07:00,24.1,0.00,17.0,35.3
2022-01-07T08:00,24.3,0.00,16.3,35.3
2022-01-07T09:00,24.3,0.00,15.3,33.8
2022-01-07T10:00,24.1,0.00,14.1,31.3
2022-01-07T11:00,23.5,0.00,11.9,28.1
2022-01-07T12:00,21.0,0.00,5.8,22.3
2022-01-07T13:00,18.6,0.00,8.0,10.8
2022-01-07T14:00,18.4,0.00,6.9,10.8
2022-01-07T15:00,18.2,0.00,9.2,14.8
2022-01-07T16:00,18.0,0.00,11.0,18.4
2022-01-07T17:00,17.7,0.00,9.9,19.1
2022-01-07T18:00,17.3,0.00,8.5,16.9
2022-01-07T19:00,17.1,0.00,9.0,15.1
2022-01-07T20:00,15.4,0.00,7.1,15.1
2022-01-07T21:00,14.0,0.00,9.0,12.2
2022-01-07T22:00,13.6,0.00,7.6,11.2
2022-01-07T23:00,13.9,0.00,7.1,11.2
2022-01-08T00:00,13.8,0.00,7.3,11.2
2022-01-08T01:00,13.8,0.00,7.0,11.2
2022-01-08T02:00,14.9,0.00,9.3,14.4
2022-01-08T03:00,17.4,0.00,9.2,18.7
2022-01-08T04:00,19.9,0.00,11.4,23.4
2022-01-08T05:00,21.3,0.00,16.6,33.8
2022-01-08T06:00,22.1,0.00,19.7,40.3
2022-01-08T07:00,22.6,0.10,18.6,40.7
2022-01-08T08:00,22.5,0.40,20.9,41.4
2022-01-08T09:00,22.1,0.30,16.3,41.0
2022-01-08T10:00,20.7,1.80,8.8,36.7
2022-01-08T11:00,21.5,0.00,5.4,19.1
2022-01-08T12:00,18.7,0.10,3.1,18.0
2022-01-08T13:00,18.0,0.00,2.1,4.7
2022-01-08T14:00,17.0,0.00,6.5,9.0
2022-01-08T15:00,15.9,0.00,6.6,12.6
2022-01-08T16:00,16.5,0.00,12.2,18.7
2022-01-08T17:00,16.0,0.00,11.2,20.9
2022-01-08T18:00,15.4,0.90,8.8,19.4
2022-01-08T19:00,15.0,0.00,4.6,15.1
2022-01-08T20:00,15.5,0.00,2.5,8.6
2022-01-08T21:00,14.6,0.00,5.4,6.5
2022-01-08T22:00,14.9,1.20,7.1,11.2
2022-01-08T23:00,15.1,0.10,5.1,13.0
2022-01-09T00:00,15.6,0.20,6.9,8.3
2022-01-09T01:00,15.2,1.10,3.4,11.5
2022-01-09T02:00,15.2,3.90,5.4,18.4
2022-01-09T03:00,15.9,0.40,1.5,9.7
2022-01-09T04:00,16.8,5.60,7.7,25.9
2022-01-09T05:00,16.6,8.90,9.2,28.8
2022-01-09T06:00,17.8,2.10,8.9,28.8
2022-01-09T07:00,19.2,0.40,12.5,26.6
2022-01-09T08:00,19.3,0.70,11.0,36.0
2022-01-09T09:00,18.1,3.00,17.6,39.6
2022-01-09T10:00,18.0,0.20,8.6,38.2
2022-01-09T11:00,18.4,0.20,6.9,22.7
2022-01-09T12:00,16.9,0.00,1.8,13.7
2022-01-09T13:00,16.1,0.00,4.4,6.5
2022-01-09T14:00,15.7,0.00,5.2,9.0
2022-01-09T15:00,15.5,0.00,5.5,9.0
2022-01-09T16:00,15.5,0.00,9.2,15.5
2022-01-09T17:00,15.0,0.10,7.6,15.8
2022-01-09T18:00,14.6,0.00,7.6,13.0
2022-01-09T19:00,14.1,0.00,8.0,14.0
2022-01-09T20:00,13.7,0.10,6.4,14.4
2022-01-09T21:00,13.6,0.00,6.6,11.5
2022-01-09T22:00,13.1,0.00,5.5,11.9
2022-01-09T23:00,12.9,0.00,5.4,10.1
2022-01-10T00:00,13.5,0.00,6.0,10.1
2022-01-10T01:00,13.9,0.00,7.9,14.0
2022-01-10T02:00,14.0,0.00,8.6,16.2
2022-01-10T03:00,14.4,0.00,7.9,17.6
2022-01-10T04:00,16.4,0.00,4.9,18.0
2022-01-10T05:00,17.9,0.50,4.0,14.8
2022-01-10T06:00,19.1,0.10,4.4,18.4
2022-01-10T07:00,20.2,0.10,5.2,17.6
2022-01-10T08:00,18.4,2.20,10.7,22.3
2022-01-10T09:00,18.8,0.20,4.7,23.4
2022-01-10T10:00,19.8,0.00,2.3,16.9
2022-01-10T11:00,19.8,0.00,5.1,13.3
2022-01-10T12:00,17.5,0.00,1.9,12.6
2022-01-10T13:00,17.4,0.10,1.6,3.6
2022-01-10T14:00,16.9,0.00,7.9,12.6
2022-01-10T15:00,16.2,0.00,9.6,15.8
2022-01-10T16:00,15.3,0.00,8.0,16.6
2022-01-10T17:00,14.8,0.00,7.0,14.0
2022-01-10T18:00,14.3,0.00,7.5,12.6
2022-01-10T19:00,13.9,0.00,8.6,14.4
2022-01-10T20:00,13.4,0.00,9.7,16.9
2022-01-10T21:00,12.8,0.00,10.2,17.6
2022-01-10T22:00,12.4,0.00,11.4,19.8
2022-01-10T23:00,12.0,0.00,10.7,19.8